Accuracy = 96.35000000000001
loss = 0.04274696484208107
MAE = 0.11156153678894043
root_mean_squared_error = 0.20675338804721832
accuracy = 0.11999999731779099